1	.00013195571898689927	0
2	NaN	0
3	NaN	0
4	NaN	0
5	NaN	0
6	.11874599346744404	0
7	NaN	0
8	NaN	0
9	NaN	0
10	NaN	0
11	.20470831785126595	0
12	NaN	0
13	NaN	0
14	NaN	0
15	NaN	0
16	.33019101959811464	0
17	NaN	0
18	NaN	0
19	NaN	0
20	NaN	0
21	.5960952399677554	0
22	NaN	0
23	NaN	0
24	NaN	0
25	NaN	0
26	.7375262119156285	0
27	NaN	0
28	NaN	0
29	NaN	0
30	NaN	0
31	1.137408947559376	0
32	NaN	0
33	NaN	0
34	NaN	0
35	NaN	0
36	1.136563728995352	0
37	NaN	0
38	NaN	0
39	NaN	0
40	NaN	0
41	1.5010050706265847	0
42	NaN	0
43	NaN	0
44	NaN	0
45	NaN	0
46	1.7056814780550194	0
47	NaN	0
48	NaN	0
49	NaN	0
50	NaN	0
51	2.132793162652397	0
52	NaN	0
53	NaN	0
54	NaN	0
55	NaN	0
56	1.9479861712251796	0
57	NaN	0
58	NaN	0
59	NaN	0
60	NaN	0
61	2.4886047286047286	0
62	NaN	0
63	NaN	0
64	NaN	0
65	NaN	0
66	2.299666851547745	0
67	NaN	0
68	NaN	0
69	NaN	0
70	NaN	0
71	2.463687617207648	0
72	NaN	0
73	NaN	0
74	NaN	0
75	NaN	0
76	2.3512992891023865	0
77	NaN	0
78	NaN	0
79	NaN	0
80	NaN	0
81	2.5534282554603265	0
82	NaN	0
83	NaN	0
84	NaN	0
85	NaN	0
86	2.4791119029724054	0
87	NaN	0
88	NaN	0
89	NaN	0
90	NaN	0
91	2.644156835771732	0
92	NaN	0
93	NaN	0
94	NaN	0
95	NaN	0
96	2.49105442979	0
97	NaN	0
98	NaN	0
99	NaN	0
100	NaN	0
101	2.829755123836648	0
102	NaN	0
103	NaN	0
104	NaN	0
105	NaN	0
106	2.650818712532212	0
107	NaN	0
108	NaN	0
109	NaN	0
110	NaN	0
111	2.7408184450835336	0
112	NaN	0
113	NaN	0
114	NaN	0
115	NaN	0
116	2.5580603630001693	0
117	NaN	0
118	NaN	0
119	NaN	0
120	NaN	0
121	2.9460704785979743	0
122	NaN	0
123	NaN	0
124	NaN	0
125	NaN	0
126	2.7489306471510067	0
127	NaN	0
128	NaN	0
129	NaN	0
130	NaN	0
131	2.669946713319347	0
132	NaN	0
133	NaN	0
134	NaN	0
135	NaN	0
136	2.939929629757649	0
137	NaN	0
138	NaN	0
139	NaN	0
140	NaN	0
141	3.071037774688013	0
142	NaN	0
143	NaN	0
144	NaN	0
145	NaN	0
146	2.877498336397741	0
147	NaN	0
148	NaN	0
149	NaN	0
150	NaN	0
151	2.9375176577612074	0
152	NaN	0
153	NaN	0
154	NaN	0
155	NaN	0
156	3.082173398068613	0
157	NaN	0
158	NaN	0
159	NaN	0
160	NaN	0
161	3.2229433923389195	0
162	NaN	0
163	NaN	0
164	NaN	0
165	NaN	0
166	2.9156233191732257	0
167	NaN	0
168	NaN	0
169	NaN	0
170	NaN	0
171	3.1086324040077704	0
172	NaN	0
173	NaN	0
174	NaN	0
175	NaN	0
176	2.9311088780371466	0
177	NaN	0
178	NaN	0
179	NaN	0
180	NaN	0
181	3.2465333356959616	0
182	NaN	0
183	NaN	0
184	NaN	0
185	NaN	0
186	2.9759385657820436	0
187	NaN	0
188	NaN	0
189	NaN	0
190	NaN	0
191	3.4015741634083176	0
192	NaN	0
193	NaN	0
194	NaN	0
195	NaN	0
196	3.2423396941082543	0
197	NaN	0
198	NaN	0
199	NaN	0
200	NaN	0
201	3.4644586755423354	0
202	NaN	0
203	NaN	0
204	NaN	0
205	NaN	0
206	2.938204776364225	0
207	NaN	0
208	NaN	0
209	NaN	0
210	NaN	0
211	3.088552381218505	0
212	NaN	0
213	NaN	0
214	NaN	0
215	NaN	0
216	3.2895260154918966	0
217	NaN	0
218	NaN	0
219	NaN	0
220	NaN	0
221	3.183190779132499	0
222	NaN	0
223	NaN	0
224	NaN	0
225	NaN	0
226	3.0110718190300405	0
227	NaN	0
228	NaN	0
229	NaN	0
230	NaN	0
231	3.341899531737798	0
232	NaN	0
233	NaN	0
234	NaN	0
235	NaN	0
236	2.8963821372718153	0
237	NaN	0
238	NaN	0
239	NaN	0
240	NaN	0
241	3.8670535839956948	0
242	NaN	0
243	NaN	0
244	NaN	0
245	NaN	0
246	3.016928577933094	0
247	NaN	0
248	NaN	0
249	NaN	0
250	NaN	0
251	3.3777081967020117	0
252	NaN	0
253	NaN	0
254	NaN	0
255	NaN	0
256	3.549686511605599	0
257	NaN	0
258	NaN	0
259	NaN	0
260	NaN	0
261	3.20196033063498	0
262	NaN	0
263	NaN	0
264	NaN	0
265	NaN	0
266	3.6174567471233137	0
267	NaN	0
268	NaN	0
269	NaN	0
270	NaN	0
271	3.456912806973348	0
272	NaN	0
273	NaN	0
274	NaN	0
275	NaN	0
276	3.2125487931827306	0
277	NaN	0
278	NaN	0
279	NaN	0
280	NaN	0
281	3.5555028970216322	0
282	NaN	0
283	NaN	0
284	NaN	0
285	NaN	0
286	3.3528456437129126	0
287	NaN	0
288	NaN	0
289	NaN	0
290	NaN	0
291	3.3011643815541745	0
292	NaN	0
293	NaN	0
294	NaN	0
295	NaN	0
296	3.796813018705168	0
297	NaN	0
298	NaN	0
299	NaN	0
300	NaN	0
301	3.3491073545419443	0
302	NaN	0
303	NaN	0
304	NaN	0
305	NaN	0
306	3.232536141952997	0
307	NaN	0
308	NaN	0
309	NaN	0
310	NaN	0
311	3.690072269903265	0
312	NaN	0
313	NaN	0
314	NaN	0
315	NaN	0
316	3.6864162697323577	0
317	NaN	0
318	NaN	0
319	NaN	0
320	NaN	0
321	3.725820358890924	0
322	NaN	0
323	NaN	0
324	NaN	0
325	NaN	0
326	3.11379837972288	0
327	NaN	0
328	NaN	0
329	NaN	0
330	NaN	0
331	3.2642594847654314	0
332	NaN	0
333	NaN	0
334	NaN	0
335	NaN	0
336	3.2101892699646983	0
337	NaN	0
338	NaN	0
339	NaN	0
340	NaN	0
341	3.2989344410485923	0
342	NaN	0
343	NaN	0
344	NaN	0
345	NaN	0
346	3.5093648831495012	0
347	NaN	0
348	NaN	0
349	NaN	0
350	NaN	0
351	3.8552278306385697	0
352	NaN	0
353	NaN	0
354	NaN	0
355	NaN	0
356	3.6012936896778625	0
357	NaN	0
358	NaN	0
359	NaN	0
360	NaN	0
361	3.4258429917475053	0
362	NaN	0
363	NaN	0
364	NaN	0
365	NaN	0
366	3.3209441431577855	0
367	NaN	0
368	NaN	0
369	NaN	0
370	NaN	0
371	3.7273942475619894	0
372	NaN	0
373	NaN	0
374	NaN	0
375	NaN	0
376	3.4515735098398173	0
377	NaN	0
378	NaN	0
379	NaN	0
380	NaN	0
381	3.719090490388516	0
382	NaN	0
383	NaN	0
384	NaN	0
385	NaN	0
386	3.3543170228715717	0
387	NaN	0
388	NaN	0
389	NaN	0
390	NaN	0
391	3.7671416494363545	0
392	NaN	0
393	NaN	0
394	NaN	0
395	NaN	0
396	3.516726407282372	0
397	NaN	0
398	NaN	0
399	NaN	0
400	NaN	0
401	3.3504145398887717	0
402	NaN	0
403	NaN	0
404	NaN	0
405	NaN	0
406	3.6508130982074687	0
407	NaN	0
408	NaN	0
409	NaN	0
410	NaN	0
411	3.711211846393952	0
412	NaN	0
413	NaN	0
414	NaN	0
415	NaN	0
416	3.6358144986911802	0
417	NaN	0
418	NaN	0
419	NaN	0
420	NaN	0
421	3.6847063986513517	0
422	NaN	0
423	NaN	0
424	NaN	0
425	NaN	0
426	3.5675872653786143	0
427	NaN	0
428	NaN	0
429	NaN	0
430	NaN	0
431	3.746607336446883	0
432	NaN	0
433	NaN	0
434	NaN	0
435	NaN	0
436	3.5213198956886784	0
437	NaN	0
438	NaN	0
439	NaN	0
440	NaN	0
441	3.75877282142667	0
442	NaN	0
443	NaN	0
444	NaN	0
445	NaN	0
446	3.598503486758506	0
447	NaN	0
448	NaN	0
449	NaN	0
450	NaN	0
451	3.72581403631252	0
452	NaN	0
453	NaN	0
454	NaN	0
455	NaN	0
456	3.636785081563118	0
457	NaN	0
458	NaN	0
459	NaN	0
460	NaN	0
461	3.7153411016070486	0
462	NaN	0
463	NaN	0
464	NaN	0
465	NaN	0
466	3.6080756878502425	0
467	NaN	0
468	NaN	0
469	NaN	0
470	NaN	0
471	3.7786715558370942	0
472	NaN	0
473	NaN	0
474	NaN	0
475	NaN	0
476	3.5513156357613527	0
477	NaN	0
478	NaN	0
479	NaN	0
480	NaN	0
481	3.7799844408011483	0
482	NaN	0
483	NaN	0
484	NaN	0
485	NaN	0
486	3.6022284408698098	0
487	NaN	0
488	NaN	0
489	NaN	0
490	NaN	0
491	3.7612976242056138	0
492	NaN	0
493	NaN	0
494	NaN	0
495	NaN	0
496	3.652828304702226	0
497	NaN	0
498	NaN	0
499	NaN	0
500	NaN	0
501	3.6403477318684074	0
502	NaN	0
503	NaN	0
504	NaN	0
505	NaN	0
506	3.5505413308736644	0
507	NaN	0
508	NaN	0
509	NaN	0
510	NaN	0
511	3.6750072319404308	0
512	NaN	0
513	NaN	0
514	NaN	0
515	NaN	0
516	3.516473328835828	0
517	NaN	0
518	NaN	0
519	NaN	0
520	NaN	0
521	3.6938722703815614	0
522	NaN	0
523	NaN	0
524	NaN	0
525	NaN	0
526	3.522833283855597	0
527	NaN	0
528	NaN	0
529	NaN	0
530	NaN	0
531	3.4657140939191042	0
532	NaN	0
533	NaN	0
534	NaN	0
535	NaN	0
536	3.560100120223535	0
537	NaN	0
538	NaN	0
539	NaN	0
540	NaN	0
541	3.624048012420328	0
542	NaN	0
543	NaN	0
544	NaN	0
545	NaN	0
546	3.5203612927599828	0
547	NaN	0
548	NaN	0
549	NaN	0
550	NaN	0
551	3.6451312201272192	0
552	NaN	0
553	NaN	0
554	NaN	0
555	NaN	0
556	3.4935613768174596	0
557	NaN	0
558	NaN	0
559	NaN	0
560	NaN	0
561	3.6535254927988934	0
562	NaN	0
563	NaN	0
564	NaN	0
565	NaN	0
566	3.412739537702621	0
567	NaN	0
568	NaN	0
569	NaN	0
570	NaN	0
571	3.5974284518484074	0
572	NaN	0
573	NaN	0
574	NaN	0
575	NaN	0
576	3.431830766133206	0
577	NaN	0
578	NaN	0
579	NaN	0
580	NaN	0
581	3.555603956393396	0
582	NaN	0
583	NaN	0
584	NaN	0
585	NaN	0
586	3.406197559245883	0
587	NaN	0
588	NaN	0
589	NaN	0
590	NaN	0
591	3.5608729167735635	0
592	NaN	0
593	NaN	0
594	NaN	0
595	NaN	0
596	3.385842855436489	0
597	NaN	0
598	NaN	0
599	NaN	0
600	NaN	0
601	3.5817462300658542	0
602	NaN	0
603	NaN	0
604	NaN	0
605	NaN	0
606	3.3778129263188887	0
607	NaN	0
608	NaN	0
609	NaN	0
610	NaN	0
611	3.548729949354616	0
612	NaN	0
613	NaN	0
614	NaN	0
615	NaN	0
616	3.4160974118986256	0
617	NaN	0
618	NaN	0
619	NaN	0
620	NaN	0
621	3.5661352170459457	0
622	NaN	0
623	NaN	0
624	NaN	0
625	NaN	0
626	3.4185347797598165	0
627	NaN	0
628	NaN	0
629	NaN	0
630	NaN	0
631	3.6027665975366014	0
632	NaN	0
633	NaN	0
634	NaN	0
635	NaN	0
636	3.4121578355515956	0
637	NaN	0
638	NaN	0
639	NaN	0
640	NaN	0
641	3.585228025476123	0
642	NaN	0
643	NaN	0
644	NaN	0
645	NaN	0
646	3.45246854670105	0
647	NaN	0
648	NaN	0
649	NaN	0
650	NaN	0
651	3.590660252610538	0
652	NaN	0
653	NaN	0
654	NaN	0
655	NaN	0
656	3.4773286950258893	0
657	NaN	0
658	NaN	0
659	NaN	0
660	NaN	0
661	3.615733673215575	0
662	NaN	0
663	NaN	0
664	NaN	0
665	NaN	0
666	3.454092446765624	0
667	NaN	0
668	NaN	0
669	NaN	0
670	NaN	0
671	3.6448557838028446	0
672	NaN	0
673	NaN	0
674	NaN	0
675	NaN	0
676	3.457550692965386	0
677	NaN	0
678	NaN	0
679	NaN	0
680	NaN	0
681	3.656508461477736	0
682	NaN	0
683	NaN	0
684	NaN	0
685	NaN	0
686	3.484766718159481	0
687	NaN	0
688	NaN	0
689	NaN	0
690	NaN	0
691	3.649948866773921	0
692	NaN	0
693	NaN	0
694	NaN	0
695	NaN	0
696	3.490372369981146	0
697	NaN	0
698	NaN	0
699	NaN	0
700	NaN	0
701	3.656229419679119	0
702	NaN	0
703	NaN	0
704	NaN	0
705	NaN	0
706	3.514572815330089	0
707	NaN	0
708	NaN	0
709	NaN	0
710	NaN	0
711	3.661482701985483	0
712	NaN	0
713	NaN	0
714	NaN	0
715	NaN	0
716	3.4854254312152	0
717	NaN	0
718	NaN	0
719	NaN	0
720	NaN	0
721	3.676230269035169	0
722	NaN	0
723	NaN	0
724	NaN	0
725	NaN	0
726	3.494764102586846	0
727	NaN	0
728	NaN	0
729	NaN	0
730	NaN	0
731	3.6987682251201166	0
732	NaN	0
733	NaN	0
734	NaN	0
735	NaN	0
736	3.5590580968141015	0
737	NaN	0
738	NaN	0
739	NaN	0
740	NaN	0
741	3.6234804757887624	0
742	NaN	0
743	NaN	0
744	NaN	0
745	NaN	0
746	3.5640562345358204	0
747	NaN	0
748	NaN	0
749	NaN	0
750	NaN	0
751	3.703658001761795	0
752	NaN	0
753	NaN	0
754	NaN	0
755	NaN	0
756	3.525709445571676	0
757	NaN	0
758	NaN	0
759	NaN	0
760	NaN	0
761	3.6940491810366383	0
762	NaN	0
763	NaN	0
764	NaN	0
765	NaN	0
766	3.545906575618129	0
767	NaN	0
768	NaN	0
769	NaN	0
770	NaN	0
771	3.7028624320157775	0
772	NaN	0
773	NaN	0
774	NaN	0
775	NaN	0
776	3.5457918338125807	0
777	NaN	0
778	NaN	0
779	NaN	0
780	NaN	0
781	3.7149107342151697	0
782	NaN	0
783	NaN	0
784	NaN	0
785	NaN	0
786	3.5671726246544617	0
787	NaN	0
788	NaN	0
789	NaN	0
790	NaN	0
791	3.7378541815226556	0
792	NaN	0
793	NaN	0
794	NaN	0
795	NaN	0
796	3.547700646637952	0
797	NaN	0
798	NaN	0
799	NaN	0
800	NaN	0
801	3.748455703323411	0
802	NaN	0
803	NaN	0
804	NaN	0
805	NaN	0
806	3.5625778435011837	0
807	NaN	0
808	NaN	0
809	NaN	0
810	NaN	0
811	3.689917406797389	0
812	NaN	0
813	NaN	0
814	NaN	0
815	NaN	0
816	3.60455793437776	0
817	NaN	0
818	NaN	0
819	NaN	0
820	NaN	0
821	3.7424112233078146	0
822	NaN	0
823	NaN	0
824	NaN	0
825	NaN	0
826	3.5566481869046878	0
827	NaN	0
828	NaN	0
829	NaN	0
830	NaN	0
831	3.8156510254096667	0
832	NaN	0
833	NaN	0
834	NaN	0
835	NaN	0
836	3.401376580991012	0
837	NaN	0
838	NaN	0
839	NaN	0
840	NaN	0
841	3.795565235743598	0
842	NaN	0
843	NaN	0
844	NaN	0
845	NaN	0
846	3.6681931551119877	0
847	NaN	0
848	NaN	0
849	NaN	0
850	NaN	0
851	3.8060653483974893	0
852	NaN	0
853	NaN	0
854	NaN	0
855	NaN	0
856	3.6318489740714663	0
857	NaN	0
858	NaN	0
859	NaN	0
860	NaN	0
861	3.843706644508259	0
862	NaN	0
863	NaN	0
864	NaN	0
865	NaN	0
866	3.640120072839529	0
867	NaN	0
868	NaN	0
869	NaN	0
870	NaN	0
871	3.804852357630657	0
872	NaN	0
873	NaN	0
874	NaN	0
875	NaN	0
876	3.6754736623820183	0
877	NaN	0
878	NaN	0
879	NaN	0
880	NaN	0
881	3.854961537176397	0
882	NaN	0
883	NaN	0
884	NaN	0
885	NaN	0
886	3.6475553606328526	0
887	NaN	0
888	NaN	0
889	NaN	0
890	NaN	0
891	3.8396940642449477	0
892	NaN	0
893	NaN	0
894	NaN	0
895	NaN	0
896	3.7206011746497896	0
897	NaN	0
898	NaN	0
899	NaN	0
900	NaN	0
901	3.8324762567560007	0
902	NaN	0
903	NaN	0
904	NaN	0
905	NaN	0
906	3.794515922755928	0
907	NaN	0
908	NaN	0
909	NaN	0
910	NaN	0
911	4.047447081178024	0
912	NaN	0
913	NaN	0
914	NaN	0
915	NaN	0
916	3.7482526261991818	0
917	NaN	0
918	NaN	0
919	NaN	0
920	NaN	0
921	3.942447758597667	0
922	NaN	0
923	NaN	0
924	NaN	0
925	NaN	0
926	3.901906883395574	0
927	NaN	0
928	NaN	0
929	NaN	0
930	NaN	0
931	4.00140165390884	0
932	NaN	0
933	NaN	0
934	NaN	0
935	NaN	0
936	3.8564255270376386	0
937	NaN	0
938	NaN	0
939	NaN	0
940	NaN	0
941	4.033922681964394	0
942	NaN	0
943	NaN	0
944	NaN	0
945	NaN	0
946	3.79293046606089	0
947	NaN	0
948	NaN	0
949	NaN	0
950	NaN	0
951	4.064888597048368	0
952	NaN	0
953	NaN	0
954	NaN	0
955	NaN	0
956	3.8568559342078523	0
957	NaN	0
958	NaN	0
959	NaN	0
960	NaN	0
961	4.054445627179773	0
962	NaN	0
963	NaN	0
964	NaN	0
965	NaN	0
966	3.8874610347090788	0
967	NaN	0
968	NaN	0
969	NaN	0
970	NaN	0
971	4.038584749337351	0
972	NaN	0
973	NaN	0
974	NaN	0
975	NaN	0
976	3.9789780706202094	0
977	NaN	0
978	NaN	0
979	NaN	0
980	NaN	0
981	4.120777955079124	0
982	NaN	0
983	NaN	0
984	NaN	0
985	NaN	0
986	3.939534147664064	0
987	NaN	0
988	NaN	0
989	NaN	0
990	NaN	0
991	4.152723181802093	0
992	NaN	0
993	NaN	0
994	NaN	0
995	NaN	0
996	4.0122120097726865	0
997	NaN	0
998	NaN	0
999	NaN	0
1e3	NaN	0
1001	4.177687631385045	0
1002	NaN	0
1003	NaN	0
1004	NaN	0
1005	NaN	0
1006	4.131423661076492	0
1007	NaN	0
1008	NaN	0
1009	NaN	0
1010	NaN	0
1011	4.096414570905819	0
1012	NaN	0
1013	NaN	0
1014	NaN	0
1015	NaN	0
1016	4.094526099085957	0
1017	NaN	0
1018	NaN	0
1019	NaN	0
1020	NaN	0
1021	4.173413581090243	0
1022	NaN	0
1023	NaN	0
1024	NaN	0
1025	NaN	0
1026	3.9563510212159003	0
1027	NaN	0
1028	NaN	0
1029	NaN	0
1030	NaN	0
1031	4.364215783449222	0
1032	NaN	0
1033	NaN	0
1034	NaN	0
1035	NaN	0
1036	4.118065003349353	0
1037	NaN	0
1038	NaN	0
1039	NaN	0
1040	NaN	0
1041	4.393380082179447	0
1042	NaN	0
1043	NaN	0
1044	NaN	0
1045	NaN	0
1046	4.278805141923956	0
1047	NaN	0
1048	NaN	0
1049	NaN	0
1050	NaN	0
1051	4.31961404306295	0
1052	NaN	0
1053	NaN	0
1054	NaN	0
1055	NaN	0
1056	4.321149874521845	0
1057	NaN	0
1058	NaN	0
1059	NaN	0
1060	NaN	0
1061	4.357080590984728	0
1062	NaN	0
1063	NaN	0
1064	NaN	0
1065	NaN	0
1066	4.210635807646843	0
1067	NaN	0
1068	NaN	0
1069	NaN	0
1070	NaN	0
1071	4.399383546374676	0
1072	NaN	0
1073	NaN	0
1074	NaN	0
1075	NaN	0
1076	4.308816071212502	0
1077	NaN	0
1078	NaN	0
1079	NaN	0
1080	NaN	0
1081	4.435695176447839	0
1082	NaN	0
1083	NaN	0
1084	NaN	0
1085	NaN	0
1086	4.322292001276696	0
1087	NaN	0
1088	NaN	0
1089	NaN	0
1090	NaN	0
1091	4.4641091356679174	0
1092	NaN	0
1093	NaN	0
1094	NaN	0
1095	NaN	0
1096	4.345812790332331	0
1097	NaN	0
1098	NaN	0
1099	NaN	0
1100	NaN	0
1101	4.492592189146424	0
1102	NaN	0
1103	NaN	0
1104	NaN	0
1105	NaN	0
1106	4.437584899496374	0
1107	NaN	0
1108	NaN	0
1109	NaN	0
1110	NaN	0
1111	4.601443063993296	0
1112	NaN	0
1113	NaN	0
1114	NaN	0
1115	NaN	0
1116	4.4166891230355	0
1117	NaN	0
1118	NaN	0
1119	NaN	0
1120	NaN	0
1121	4.666551667190587	0
1122	NaN	0
1123	NaN	0
1124	NaN	0
1125	NaN	0
1126	4.55627680298304	0
1127	NaN	0
1128	NaN	0
1129	NaN	0
1130	NaN	0
1131	4.0450559586688115	0
1132	NaN	0
1133	NaN	0
1134	NaN	0
1135	NaN	0
1136	4.60303762851144	0
1137	NaN	0
1138	NaN	0
1139	NaN	0
1140	NaN	0
1141	4.668958938216364	0
1142	NaN	0
1143	NaN	0
1144	NaN	0
1145	NaN	0
1146	4.408312490965949	0
1147	NaN	0
1148	NaN	0
1149	NaN	0
1150	NaN	0
1151	4.936899349229718	0
1152	NaN	0
1153	NaN	0
1154	NaN	0
1155	NaN	0
1156	4.487906220368208	0
1157	NaN	0
1158	NaN	0
1159	NaN	0
1160	NaN	0
1161	4.678109515822601	0
1162	NaN	0
1163	NaN	0
1164	NaN	0
1165	NaN	0
1166	4.624249084258715	0
1167	NaN	0
1168	NaN	0
1169	NaN	0
1170	NaN	0
1171	4.7029770764690975	0
1172	NaN	0
1173	NaN	0
1174	NaN	0
1175	NaN	0
1176	4.610888462293009	0
1177	NaN	0
1178	NaN	0
1179	NaN	0
1180	NaN	0
1181	4.735339386939327	0
1182	NaN	0
1183	NaN	0
1184	NaN	0
1185	NaN	0
1186	4.62175092943912	0
1187	NaN	0
1188	NaN	0
1189	NaN	0
1190	NaN	0
1191	4.738670624095503	0
1192	NaN	0
1193	NaN	0
1194	NaN	0
1195	NaN	0
1196	4.62854644687264	0
1197	NaN	0
1198	NaN	0
1199	NaN	0
1200	NaN	0
1201	4.7517010293724224	0
1202	NaN	0
1203	NaN	0
1204	NaN	0
1205	NaN	0
1206	4.7329759089583145	0
1207	NaN	0
1208	NaN	0
1209	NaN	0
1210	NaN	0
1211	4.773101242145338	0
1212	NaN	0
1213	NaN	0
1214	NaN	0
1215	NaN	0
1216	4.603395412308696	0
1217	NaN	0
1218	NaN	0
1219	NaN	0
1220	NaN	0
1221	4.837927941510239	0
1222	NaN	0
1223	NaN	0
1224	NaN	0
1225	NaN	0
1226	4.7661046985307465	0
1227	NaN	0
1228	NaN	0
1229	NaN	0
1230	NaN	0
1231	4.810710086283539	0
1232	NaN	0
1233	NaN	0
1234	NaN	0
1235	NaN	0
1236	4.7814652492475425	0
1237	NaN	0
1238	NaN	0
1239	NaN	0
1240	NaN	0
1241	4.826306920241022	0
1242	NaN	0
1243	NaN	0
1244	NaN	0
1245	NaN	0
1246	4.786749525994354	0
1247	NaN	0
1248	NaN	0
1249	NaN	0
1250	NaN	0
1251	4.818952523009242	0
1252	NaN	0
1253	NaN	0
1254	NaN	0
1255	NaN	0
1256	4.751261511896937	0
1257	NaN	0
1258	NaN	0
1259	NaN	0
1260	NaN	0
1261	4.851876811174919	0
1262	NaN	0
1263	NaN	0
1264	NaN	0
1265	NaN	0
1266	4.760737106567003	0
1267	NaN	0
1268	NaN	0
1269	NaN	0
1270	NaN	0
1271	4.857042162869295	0
1272	NaN	0
1273	NaN	0
1274	NaN	0
1275	NaN	0
1276	4.765048976886404	0
1277	NaN	0
1278	NaN	0
1279	NaN	0
1280	NaN	0
1281	4.845811708970582	0
1282	NaN	0
1283	NaN	0
1284	NaN	0
1285	NaN	0
1286	4.768035883339746	0
1287	NaN	0
1288	NaN	0
1289	NaN	0
1290	NaN	0
1291	4.878504589138726	0
1292	NaN	0
1293	NaN	0
1294	NaN	0
1295	NaN	0
1296	4.791725172214986	0
1297	NaN	0
1298	NaN	0
1299	NaN	0
1300	NaN	0
1301	4.865622997037441	0
1302	NaN	0
1303	NaN	0
1304	NaN	0
1305	NaN	0
1306	4.765106727676672	0
1307	NaN	0
1308	NaN	0
1309	NaN	0
1310	NaN	0
1311	4.8724154277701475	0
1312	NaN	0
1313	NaN	0
1314	NaN	0
1315	NaN	0
1316	4.763265266511908	0
1317	NaN	0
1318	NaN	0
1319	NaN	0
1320	NaN	0
1321	4.895081554607428	0
1322	NaN	0
1323	NaN	0
1324	NaN	0
1325	NaN	0
1326	4.840548505137433	0
1327	NaN	0
1328	NaN	0
1329	NaN	0
1330	NaN	0
1331	4.874562562591485	0
1332	NaN	0
1333	NaN	0
1334	NaN	0
1335	NaN	0
1336	4.828940696311708	0
1337	NaN	0
1338	NaN	0
1339	NaN	0
1340	NaN	0
1341	4.874268316195712	0
1342	NaN	0
1343	NaN	0
1344	NaN	0
1345	NaN	0
1346	4.817879770166993	0
1347	NaN	0
1348	NaN	0
1349	NaN	0
1350	NaN	0
1351	4.94233767700069	0
1352	NaN	0
1353	NaN	0
1354	NaN	0
1355	NaN	0
1356	4.822199802846565	0
1357	NaN	0
1358	NaN	0
1359	NaN	0
1360	NaN	0
1361	4.9281328955132135	0
1362	NaN	0
1363	NaN	0
1364	NaN	0
1365	NaN	0
1366	4.844864393712222	0
1367	NaN	0
1368	NaN	0
1369	NaN	0
1370	NaN	0
1371	4.957538439170132	0
1372	NaN	0
1373	NaN	0
1374	NaN	0
1375	NaN	0
1376	4.880343285295155	0
1377	NaN	0
1378	NaN	0
1379	NaN	0
1380	NaN	0
1381	4.959407831595519	0
1382	NaN	0
1383	NaN	0
1384	NaN	0
1385	NaN	0
1386	4.8641714410784616	0
1387	NaN	0
1388	NaN	0
1389	NaN	0
1390	NaN	0
1391	4.989291735199936	0
1392	NaN	0
1393	NaN	0
1394	NaN	0
1395	NaN	0
1396	4.811406408672862	0
1397	NaN	0
1398	NaN	0
1399	NaN	0
1400	NaN	0
1401	5.005849479441006	0
1402	NaN	0
1403	NaN	0
1404	NaN	0
1405	NaN	0
1406	4.866496788739115	0
1407	NaN	0
1408	NaN	0
1409	NaN	0
1410	NaN	0
1411	4.977201576430531	0
1412	NaN	0
1413	NaN	0
1414	NaN	0
1415	NaN	0
1416	4.888976115800842	0
1417	NaN	0
1418	NaN	0
1419	NaN	0
1420	NaN	0
1421	5.033846744686792	0
1422	NaN	0
1423	NaN	0
1424	NaN	0
1425	NaN	0
1426	4.928736401803165	0
1427	NaN	0
1428	NaN	0
1429	NaN	0
1430	NaN	0
1431	5.024337863920351	0
1432	NaN	0
1433	NaN	0
1434	NaN	0
1435	NaN	0
1436	4.961699735418038	0
1437	NaN	0
1438	NaN	0
1439	NaN	0
1440	NaN	0
1441	5.051176046488282	0
1442	NaN	0
1443	NaN	0
1444	NaN	0
1445	NaN	0
1446	4.93125662441139	0
1447	NaN	0
1448	NaN	0
1449	NaN	0
1450	NaN	0
1451	5.042396191861305	0
1452	NaN	0
1453	NaN	0
1454	NaN	0
1455	NaN	0
1456	4.959935030062376	0
1457	NaN	0
1458	NaN	0
1459	NaN	0
1460	NaN	0
1461	5.042439092394449	0
1462	NaN	0
1463	NaN	0
1464	NaN	0
1465	NaN	0
1466	4.886295046980238	0
1467	NaN	0
1468	NaN	0
1469	NaN	0
1470	NaN	0
1471	5.0570799672455395	0
1472	NaN	0
1473	NaN	0
1474	NaN	0
1475	NaN	0
1476	4.945649198912285	0
1477	NaN	0
1478	NaN	0
1479	NaN	0
1480	NaN	0
1481	5.053057427372286	0
1482	NaN	0
1483	NaN	0
1484	NaN	0
1485	NaN	0
1486	4.941903634927745	0
1487	NaN	0
1488	NaN	0
1489	NaN	0
1490	NaN	0
1491	5.044074052629963	0
1492	NaN	0
1493	NaN	0
1494	NaN	0
1495	NaN	0
1496	4.921936325530833	0
1497	NaN	0
1498	NaN	0
1499	NaN	0
1500	NaN	0
1501	5.068921718663849	0
1502	NaN	0
1503	NaN	0
1504	NaN	0
1505	NaN	0
1506	4.938769155623901	0
1507	NaN	0
1508	NaN	0
1509	NaN	0
1510	NaN	0
1511	4.967104154913494	0
1512	NaN	0
1513	NaN	0
1514	NaN	0
1515	NaN	0
1516	4.929779513429633	0
1517	NaN	0
1518	NaN	0
1519	NaN	0
1520	NaN	0
1521	4.947798599431	0
1522	NaN	0
1523	NaN	0
1524	NaN	0
1525	NaN	0
1526	4.809878222785264	0
1527	NaN	0
1528	NaN	0
1529	NaN	0
1530	NaN	0
1531	5.062413063873248	0
1532	NaN	0
1533	NaN	0
1534	NaN	0
1535	NaN	0
1536	4.783898846939024	0
1537	NaN	0
1538	NaN	0
1539	NaN	0
1540	NaN	0
1541	5.046174074263364	0
1542	NaN	0
1543	NaN	0
1544	NaN	0
1545	NaN	0
1546	4.913078660079194	0
1547	NaN	0
1548	NaN	0
1549	NaN	0
1550	NaN	0
1551	5.0408381359391266	0
1552	NaN	0
1553	NaN	0
1554	NaN	0
1555	NaN	0
1556	4.979367271604273	0
1557	NaN	0
1558	NaN	0
1559	NaN	0
1560	NaN	0
1561	5.090236855325141	0
1562	NaN	0
1563	NaN	0
1564	NaN	0
1565	NaN	0
1566	4.936223760848621	0
1567	NaN	0
1568	NaN	0
1569	NaN	0
1570	NaN	0
1571	5.078908985052812	0
1572	NaN	0
1573	NaN	0
1574	NaN	0
1575	NaN	0
1576	4.9629881065230395	0
1577	NaN	0
1578	NaN	0
1579	NaN	0
1580	NaN	0
1581	5.095885816102885	0
1582	NaN	0
1583	NaN	0
1584	NaN	0
1585	NaN	0
1586	4.959399331437006	0
1587	NaN	0
1588	NaN	0
1589	NaN	0
1590	NaN	0
1591	5.064209459507812	0
1592	NaN	0
1593	NaN	0
1594	NaN	0
1595	NaN	0
1596	4.960740205005241	0
1597	NaN	0
1598	NaN	0
1599	NaN	0
1600	NaN	0
1601	5.087801180723676	0
1602	NaN	0
1603	NaN	0
1604	NaN	0
1605	NaN	0
1606	4.973774535355849	0
1607	NaN	0
1608	NaN	0
1609	NaN	0
1610	NaN	0
1611	4.921610430774263	0
1612	NaN	0
1613	NaN	0
1614	NaN	0
1615	NaN	0
1616	4.92535765311996	0
1617	NaN	0
1618	NaN	0
1619	NaN	0
1620	NaN	0
1621	4.942150171017107	0
1622	NaN	0
1623	NaN	0
1624	NaN	0
1625	NaN	0
1626	4.801079587208925	0
1627	NaN	0
1628	NaN	0
1629	NaN	0
1630	NaN	0
1631	4.92323548851704	0
1632	NaN	0
1633	NaN	0
1634	NaN	0
1635	NaN	0
1636	4.818897769554035	0
1637	NaN	0
1638	NaN	0
1639	NaN	0
1640	NaN	0
1641	5.106382281657256	0
1642	NaN	0
1643	NaN	0
1644	NaN	0
1645	NaN	0
1646	4.772508919016706	0
1647	NaN	0
1648	NaN	0
1649	NaN	0
1650	NaN	0
1651	5.100022493731738	0
1652	NaN	0
1653	NaN	0
1654	NaN	0
1655	NaN	0
1656	4.9842443712107665	0
1657	NaN	0
1658	NaN	0
1659	NaN	0
1660	NaN	0
1661	5.087494344508921	0
1662	NaN	0
1663	NaN	0
1664	NaN	0
1665	NaN	0
1666	5.008573781982269	0
1667	NaN	0
1668	NaN	0
1669	NaN	0
1670	NaN	0
1671	5.346915275172111	0
1672	NaN	0
1673	NaN	0
1674	NaN	0
1675	NaN	0
1676	5.07202553057196	0
1677	NaN	0
1678	NaN	0
1679	NaN	0
1680	NaN	0
1681	5.1795591004276496	0
1682	NaN	0
1683	NaN	0
1684	NaN	0
1685	NaN	0
1686	5.043308856107151	0
1687	NaN	0
1688	NaN	0
1689	NaN	0
1690	NaN	0
1691	5.173401865683519	0
1692	NaN	0
1693	NaN	0
1694	NaN	0
1695	NaN	0
1696	5.017623271365131	0
1697	NaN	0
1698	NaN	0
1699	NaN	0
1700	NaN	0
1701	5.097658152478864	0
1702	NaN	0
1703	NaN	0
1704	NaN	0
1705	NaN	0
1706	4.983009160065786	0
1707	NaN	0
1708	NaN	0
1709	NaN	0
1710	NaN	0
1711	4.995496621257967	0
1712	NaN	0
1713	NaN	0
1714	NaN	0
1715	NaN	0
1716	4.961547938244372	0
1717	NaN	0
1718	NaN	0
1719	NaN	0
1720	NaN	0
1721	4.999057718429378	0
1722	NaN	0
1723	NaN	0
1724	NaN	0
1725	NaN	0
1726	4.838107841974244	0
1727	NaN	0
1728	NaN	0
1729	NaN	0
1730	NaN	0
1731	5.027890989910072	0
1732	NaN	0
1733	NaN	0
1734	NaN	0
1735	NaN	0
1736	4.837285496890877	0
1737	NaN	0
1738	NaN	0
1739	NaN	0
1740	NaN	0
1741	5.074902218684656	0
1742	NaN	0
1743	NaN	0
1744	NaN	0
1745	NaN	0
1746	4.880570166746985	0
1747	NaN	0
1748	NaN	0
1749	NaN	0
1750	NaN	0
1751	5.144954992939036	0
1752	NaN	0
1753	NaN	0
1754	NaN	0
1755	NaN	0
1756	4.9320185182820095	0
1757	NaN	0
1758	NaN	0
1759	NaN	0
1760	NaN	0
1761	5.176914258474194	0
1762	NaN	0
1763	NaN	0
1764	NaN	0
1765	NaN	0
1766	5.021559494474171	0
1767	NaN	0
1768	NaN	0
1769	NaN	0
1770	NaN	0
1771	5.165383429654648	0
1772	NaN	0
1773	NaN	0
1774	NaN	0
1775	NaN	0
1776	5.058055645772508	0
1777	NaN	0
1778	NaN	0
1779	NaN	0
1780	NaN	0
1781	5.18053984674422	0
1782	NaN	0
1783	NaN	0
1784	NaN	0
1785	NaN	0
1786	5.038535196965082	0
1787	NaN	0
1788	NaN	0
1789	NaN	0
1790	NaN	0
1791	5.111447242413407	0
1792	NaN	0
1793	NaN	0
1794	NaN	0
1795	NaN	0
1796	5.020071852179553	0
1797	NaN	0
1798	NaN	0
1799	NaN	0
1800	NaN	0
1801	5.171927555319376	0
1802	NaN	0
1803	NaN	0
1804	NaN	0
1805	NaN	0
1806	4.884721435413171	0
1807	NaN	0
1808	NaN	0
1809	NaN	0
1810	NaN	0
1811	5.046239124282743	0
1812	NaN	0
1813	NaN	0
1814	NaN	0
1815	NaN	0
1816	4.9481780756588245	0
1817	NaN	0
1818	NaN	0
1819	NaN	0
1820	NaN	0
1821	5.0054160206560185	0
1822	NaN	0
1823	NaN	0
1824	NaN	0
1825	NaN	0
1826	4.898110690945484	0
1827	NaN	0
1828	NaN	0
1829	NaN	0
1830	NaN	0
1831	5.075574052339215	0
1832	NaN	0
1833	NaN	0
1834	NaN	0
1835	NaN	0
1836	4.884714539830816	0
1837	NaN	0
1838	NaN	0
1839	NaN	0
1840	NaN	0
1841	4.985240316820206	0
1842	NaN	0
1843	NaN	0
1844	NaN	0
1845	NaN	0
1846	4.937966216944264	0
1847	NaN	0
1848	NaN	0
1849	NaN	0
1850	NaN	0
1851	5.182484562863085	0
1852	NaN	0
1853	NaN	0
1854	NaN	0
1855	NaN	0
1856	4.888568767762644	0
1857	NaN	0
1858	NaN	0
1859	NaN	0
1860	NaN	0
1861	5.164208632894264	0
1862	NaN	0
1863	NaN	0
1864	NaN	0
1865	NaN	0
1866	5.055706502057098	0
1867	NaN	0
1868	NaN	0
1869	NaN	0
1870	NaN	0
1871	5.197419934028388	0
1872	NaN	0
1873	NaN	0
1874	NaN	0
1875	NaN	0
1876	5.048216658363247	0
1877	NaN	0
1878	NaN	0
1879	NaN	0
1880	NaN	0
1881	5.196349761255664	0
1882	NaN	0
1883	NaN	0
1884	NaN	0
1885	NaN	0
1886	5.0770454094227215	0
1887	NaN	0
1888	NaN	0
1889	NaN	0
1890	NaN	0
1891	5.1513689331614785	0
1892	NaN	0
1893	NaN	0
1894	NaN	0
1895	NaN	0
1896	5.076217755411843	0
1897	NaN	0
1898	NaN	0
1899	NaN	0
1900	NaN	0
1901	5.184667675146396	0
1902	NaN	0
1903	NaN	0
1904	NaN	0
1905	NaN	0
1906	4.908559315138651	0
1907	NaN	0
1908	NaN	0
1909	NaN	0
1910	NaN	0
1911	5.049208411149622	0
1912	NaN	0
1913	NaN	0
1914	NaN	0
1915	NaN	0
1916	4.988086330732879	0
1917	NaN	0
1918	NaN	0
1919	NaN	0
1920	NaN	0
1921	5.02945103400113	0
1922	NaN	0
1923	NaN	0
1924	NaN	0
1925	NaN	0
1926	4.903178960089146	0
1927	NaN	0
1928	NaN	0
1929	NaN	0
1930	NaN	0
1931	5.117245313487999	0
1932	NaN	0
1933	NaN	0
1934	NaN	0
1935	NaN	0
1936	4.90304622872001	0
1937	NaN	0
1938	NaN	0
1939	NaN	0
1940	NaN	0
1941	5.0729293386901	0
1942	NaN	0
1943	NaN	0
1944	NaN	0
1945	NaN	0
1946	4.959535410952219	0
1947	NaN	0
1948	NaN	0
1949	NaN	0
1950	NaN	0
1951	5.14063256367402	0
1952	NaN	0
1953	NaN	0
1954	NaN	0
1955	NaN	0
1956	4.966944585609806	0
1957	NaN	0
1958	NaN	0
1959	NaN	0
1960	NaN	0
1961	5.199388460433014	0
1962	NaN	0
1963	NaN	0
1964	NaN	0
1965	NaN	0
1966	4.995231668162038	0
1967	NaN	0
1968	NaN	0
1969	NaN	0
1970	NaN	0
1971	5.209238489369799	0
1972	NaN	0
1973	NaN	0
1974	NaN	0
1975	NaN	0
1976	5.0990061717667325	0
1977	NaN	0
1978	NaN	0
1979	NaN	0
1980	NaN	0
1981	5.2081074907504865	0
1982	NaN	0
1983	NaN	0
1984	NaN	0
1985	NaN	0
1986	5.098875857942676	0
1987	NaN	0
1988	NaN	0
1989	NaN	0
1990	NaN	0
1991	5.213824667746676	0
1992	NaN	0
1993	NaN	0
1994	NaN	0
1995	NaN	0
1996	5.066929345341178	0
1997	NaN	0
1998	NaN	0
1999	NaN	0
2e3	NaN	0
2001	5.219997012323086	0
2002	NaN	0
2003	NaN	0
2004	NaN	0
2005	NaN	0
2006	4.959916056679262	0
2007	NaN	0
2008	NaN	0
2009	NaN	0
2010	NaN	0
2011	5.0688956063234505	0
2012	NaN	0
2013	NaN	0
2014	NaN	0
2015	NaN	0
2016	4.955041298539136	0
2017	NaN	0
2018	NaN	0
2019	NaN	0
2020	NaN	0
2021	5.032911323487614	0
2022	NaN	0
2023	NaN	0
2024	NaN	0
2025	NaN	0
2026	4.925981656848273	0
2027	NaN	0
2028	NaN	0
2029	NaN	0
2030	NaN	0
2031	5.145815573658842	0
2032	NaN	0
2033	NaN	0
2034	NaN	0
2035	NaN	0
2036	4.873207058554884	0
2037	NaN	0
2038	NaN	0
2039	NaN	0
2040	NaN	0
2041	5.11370987278671	0
2042	NaN	0
2043	NaN	0
2044	NaN	0
2045	NaN	0
2046	4.960485487091514	0
2047	NaN	0
2048	NaN	0
